[gd_scene load_steps=8 format=2]

[ext_resource path="res://Models/cart.glb" type="PackedScene" id=1]
[ext_resource path="res://Spatial.gd" type="Script" id=2]
[ext_resource path="res://Models/water.material" type="Material" id=3]

[sub_resource type="CubeMesh" id=1]

[sub_resource type="BoxShape" id=2]
extents = Vector3( 0.345521, 0.265176, 0.694115 )

[sub_resource type="PlaneMesh" id=3]
size = Vector2( 10, 10 )

[sub_resource type="ConvexPolygonShape" id=5]
points = PoolVector3Array( 5, 0, 5, -5, 0, 5, 5, 0, -5, -5, 0, -5 )

[node name="Main" type="Spatial"]

[node name="MeshInstance" type="MeshInstance" parent="."]
transform = Transform( 0.342648, -0.640422, -0.687352, 0.116846, 0.755013, -0.645215, 0.932169, 0.140767, 0.333534, -2.33246, 0.452771, 0 )
mesh = SubResource( 1 )
material/0 = null

[node name="cart" parent="." instance=ExtResource( 1 )]
transform = Transform( 0.240288, 0.0914513, -0.966385, -0.0805307, 0.993999, 0.0740404, 0.967356, 0.0600325, 0.24621, 0.47268, 1.7897, -1.64743 )

[node name="CollisionShape" type="CollisionShape" parent="cart"]
transform = Transform( 1, 0, -1.49012e-08, 0, 1, -3.72529e-09, 1.49012e-08, 6.51926e-09, 1, 0, 0.3, 0 )
shape = SubResource( 2 )

[node name="cart2" parent="." instance=ExtResource( 1 )]
transform = Transform( 0.240288, 0.0914513, -0.966385, -0.0805307, 0.993999, 0.0740404, 0.967356, 0.0600325, 0.24621, 0.47268, 3.26704, 0.453684 )

[node name="CollisionShape" type="CollisionShape" parent="cart2"]
transform = Transform( 1, 0, -1.49012e-08, 0, 1, -3.72529e-09, 1.49012e-08, 6.51926e-09, 1, 0, 0.3, 0 )
shape = SubResource( 2 )

[node name="Ground" type="StaticBody" parent="."]

[node name="MeshInstance" type="MeshInstance" parent="Ground"]
mesh = SubResource( 3 )
material/0 = ExtResource( 3 )

[node name="CollisionShape" type="CollisionShape" parent="Ground"]
shape = SubResource( 5 )

[node name="CameraHub" type="Spatial" parent="."]
script = ExtResource( 2 )

[node name="Camera" type="Camera" parent="CameraHub"]
transform = Transform( 0.0426253, 0, 0.999091, 0, 1, 0, -0.999091, 0, 0.0426253, 2.92471, 1.22458, 0 )

[node name="DirectionalLight" type="DirectionalLight" parent="."]
transform = Transform( 1, 0, 0, 0, 0.619217, 0.78522, 0, -0.78522, 0.619217, 0, 4.20673, 5.90563 )
shadow_enabled = true
